0.00065679
0.00066388
0.00067923
0.00065845
0.00066273
0.00064957
0.00064989
0.00066067
0.00064748
0.00064749
0.00066716
0.00066712
0.00066579
0.00064875
0.00064759
0.00065666
0.00064441
0.00065537
0.00064880
0.00064883
0.00065792
0.00067134
0.00065559
0.00064799
0.00066650
0.00097757
0.00092139
0.00081282
0.00090417
0.00095074
0.00091015
0.00094793
0.00092437
0.00092370
0.00091286
0.00092209
0.00086855
0.00091384
0.00102530
0.00090686
0.00097319
0.00098960
0.00092606
0.00100202
0.00098319
0.00101424
0.00091958
0.00113679
0.00096516
0.00090915
0.02732097
0.02687904
